CharacteristicMode
"Frequency"[Hz]	"Mode index = 1  []"	"Mode index = 2  []"	"Mode index = 3  []"	"Mode index = 4  []"	"Mode index = 5  []"	"Mode index = 6  []"	
7.00000000E+08	1.84657447E-01	1.58457732E-01	1.53893949E-02	9.97235210E-03	9.66902977E-03	6.25592801E-03	
7.05000000E+08	1.97611250E-01	1.58568848E-01	1.58552339E-02	1.10865872E-02	1.02215964E-02	5.76682811E-03	
7.10000000E+08	2.11767301E-01	1.58738816E-01	1.63306159E-02	1.23515867E-02	1.08032450E-02	5.36301004E-03	
7.15000000E+08	2.27279214E-01	1.58963349E-01	1.68155830E-02	1.37745046E-02	1.14154604E-02	5.03847872E-03	
7.20000000E+08	2.44326059E-01	1.59238241E-01	1.73102214E-02	1.53591600E-02	1.20597912E-02	4.78412044E-03	
7.25000000E+08	2.63115995E-01	1.59560577E-01	1.78146269E-02	1.71069146E-02	1.27378686E-02	4.59016448E-03	
7.30000000E+08	2.83891564E-01	1.59926636E-01	1.83288580E-02	1.90174714E-02	1.34514190E-02	4.44671912E-03	
7.35000000E+08	3.06934126E-01	1.60333484E-01	1.88529971E-02	2.10900308E-02	1.42022686E-02	4.34513013E-03	
7.40000000E+08	3.32571062E-01	1.60778448E-01	1.93871025E-02	2.33246540E-02	1.49923251E-02	4.27834080E-03	
7.45000000E+08	3.61177311E-01	1.61259152E-01	1.99312530E-02	2.57216889E-02	1.58236087E-02	4.24036902E-03	
7.50000000E+08	3.93180434E-01	1.61773021E-01	2.04855121E-02	2.82828552E-02	1.66982597E-02	4.22653087E-03	
7.55000000E+08	4.29053274E-01	1.62317996E-01	2.10499771E-02	3.10110184E-02	1.76185343E-02	4.23318080E-03	
7.60000000E+08	4.69300243E-01	1.62891777E-01	2.16246612E-02	3.39101066E-02	1.85868254E-02	4.25732981E-03	
7.65000000E+08	5.14413197E-01	1.63492877E-01	2.22096836E-02	3.69852655E-02	1.96056449E-02	4.29668782E-03	
7.70000000E+08	5.64800206E-01	1.64119399E-01	2.28050724E-02	4.02426836E-02	2.06776503E-02	4.34950909E-03	
7.75000000E+08	6.20630983E-01	1.64769415E-01	2.34108909E-02	4.36897015E-02	2.18056902E-02	4.41422157E-03	
7.80000000E+08	6.81607190E-01	1.65441585E-01	2.40272263E-02	4.73345312E-02	2.29927501E-02	4.48978265E-03	
7.85000000E+08	7.46590407E-01	1.66134472E-01	2.46541194E-02	5.11864181E-02	2.42419896E-02	4.57526658E-03	
7.90000000E+08	8.13163000E-01	1.66846453E-01	2.52916200E-02	5.52557913E-02	2.55567841E-02	4.66994832E-03	
7.95000000E+08	8.77253773E-01	1.67576306E-01	2.59397967E-02	5.95537551E-02	2.69407225E-02	4.77322202E-03	
8.00000000E+08	9.33207363E-01	1.68322925E-01	2.65987083E-02	6.40925227E-02	2.83975787E-02	4.88468812E-03	
8.05000000E+08	9.74755843E-01	1.69084934E-01	2.72683896E-02	6.88855002E-02	2.99313814E-02	5.00390002E-03	
8.10000000E+08	9.96901523E-01	1.69861014E-01	2.79488937E-02	7.39471562E-02	3.15464369E-02	5.13061135E-03	
8.15000000E+08	9.97850572E-01	1.70650421E-01	2.86403016E-02	7.92930686E-02	3.32473191E-02	5.26464932E-03	
8.20000000E+08	9.79642740E-01	1.71451881E-01	2.93426252E-02	8.49400389E-02	3.50388769E-02	5.40576474E-03	
8.25000000E+08	9.47036688E-01	1.72264567E-01	3.00559191E-02	9.09057487E-02	3.69262997E-02	5.55382346E-03	
8.30000000E+08	9.05583607E-01	1.73087350E-01	3.07802452E-02	9.72098470E-02	3.89151320E-02	5.70880027E-03	
8.35000000E+08	8.60114555E-01	1.73919292E-01	3.15156301E-02	1.03873276E-01	4.10113157E-02	5.87055029E-03	
8.40000000E+08	8.14115176E-01	1.74759523E-01	3.22621110E-02	1.10917981E-01	4.32211312E-02	6.03907625E-03	
8.45000000E+08	7.69754477E-01	1.75607306E-01	3.30197439E-02	1.18368334E-01	4.55513839E-02	6.21435852E-03	
8.50000000E+08	7.28194581E-01	1.76461691E-01	3.37885733E-02	1.26249652E-01	4.80092996E-02	6.39638211E-03	
8.55000000E+08	6.89925856E-01	1.77321684E-01	3.45686027E-02	1.34589318E-01	5.06026682E-02	6.58511993E-03	
8.60000000E+08	6.55044855E-01	1.78186908E-01	3.53599134E-02	1.43416921E-01	5.33398192E-02	6.78066688E-03	
8.65000000E+08	6.23418914E-01	1.79056062E-01	3.61625050E-02	1.52764413E-01	5.62297300E-02	6.98301213E-03	
8.70000000E+08	5.94815146E-01	1.79928682E-01	3.69763952E-02	1.62664861E-01	5.92820323E-02	7.19222404E-03	
8.75000000E+08	5.68956144E-01	1.80803968E-01	3.78016686E-02	1.73154389E-01	6.25071243E-02	7.40836300E-03	
8.80000000E+08	5.45561132E-01	1.81681390E-01	3.86383240E-02	1.84271373E-01	6.59161512E-02	7.63148244E-03	
8.85000000E+08	5.24360734E-01	1.82559737E-01	3.94863786E-02	1.96057057E-01	6.95212236E-02	7.86166463E-03	
8.90000000E+08	5.05114551E-01	1.83438865E-01	4.03458757E-02	2.08553447E-01	7.33353409E-02	8.09895972E-03	
8.95000000E+08	4.87599389E-01	1.84317766E-01	4.12168541E-02	2.21807474E-01	7.73726652E-02	8.34347695E-03	
9.00000000E+08	4.71623491E-01	1.85195715E-01	4.20993009E-02	2.35866669E-01	8.16484358E-02	8.59529065E-03	
9.05000000E+08	4.57015019E-01	1.86072147E-01	4.29932325E-02	2.50781948E-01	8.61792475E-02	8.85449096E-03	
9.10000000E+08	4.43624792E-01	1.86946341E-01	4.38986911E-02	2.66606010E-01	9.09830333E-02	9.12118756E-03	
9.15000000E+08	4.31323196E-01	1.87817676E-01	4.48157036E-02	2.83392944E-01	9.60793402E-02	9.39546032E-03	
9.20000000E+08	4.19995758E-01	1.88685407E-01	4.57442711E-02	3.01198001E-01	1.01489491E-01	9.67742074E-03	
9.25000000E+08	4.09542451E-01	1.89549114E-01	4.66844163E-02	3.20077528E-01	1.07236598E-01	9.96718775E-03	
9.30000000E+08	3.99876809E-01	1.90407813E-01	4.76361248E-02	3.40086577E-01	1.13345994E-01	1.02648291E-02	
9.35000000E+08	3.90920820E-01	1.91261227E-01	4.85994635E-02	3.61278364E-01	1.19845252E-01	1.05704906E-02	
9.40000000E+08	3.82608087E-01	1.92108124E-01	4.95743766E-02	3.83701647E-01	1.26764628E-01	1.08842530E-02	
9.45000000E+08	3.74878784E-01	1.92948427E-01	5.05608934E-02	4.07398441E-01	1.34137196E-01	1.12062436E-02	
9.50000000E+08	3.67680924E-01	1.93781312E-01	5.15590392E-02	4.32401156E-01	1.41999140E-01	1.15365578E-02	
9.55000000E+08	3.60966586E-01	1.94606298E-01	5.25688390E-02	4.58729646E-01	1.50390315E-01	1.18753554E-02	
9.60000000E+08	3.54695057E-01	1.95422198E-01	5.35902025E-02	4.86384221E-01	1.59354476E-01	1.22227171E-02	
9.65000000E+08	3.48828703E-01	1.96228743E-01	5.46231988E-02	5.15342738E-01	1.68939550E-01	1.25787494E-02	
9.70000000E+08	3.43335971E-01	1.97025581E-01	5.56678593E-02	5.45549483E-01	1.79198470E-01	1.29435990E-02	
9.75000000E+08	3.38184966E-01	1.97811418E-01	5.67240892E-02	5.76918117E-01	1.90189347E-01	1.33173846E-02	
9.80000000E+08	3.33350586E-01	1.98586099E-01	5.77919492E-02	6.09311591E-01	2.01976144E-01	1.37002014E-02	
9.85000000E+08	3.28808675E-01	1.99348869E-01	5.88714291E-02	6.42545407E-01	2.14629071E-01	1.40921923E-02	
9.90000000E+08	3.24536661E-01	2.00098691E-01	5.99624518E-02	6.76378531E-01	2.28225938E-01	1.44934591E-02	
9.95000000E+08	3.20515611E-01	2.00835386E-01	6.10650918E-02	7.10509198E-01	2.42851134E-01	1.49041389E-02	
1.00000000E+09	3.16727065E-01	2.01558242E-01	6.21793082E-02	7.44576345E-01	2.58597819E-01	1.53243399E-02	
1.00500000E+09	3.13155298E-01	2.02266241E-01	6.33050305E-02	7.78164966E-01	2.75567402E-01	1.57541860E-02	
1.01000000E+09	3.09785296E-01	2.02958841E-01	6.44422950E-02	8.10816337E-01	2.93870019E-01	1.61938105E-02	
1.01500000E+09	3.06603239E-01	2.03635615E-01	6.55910786E-02	8.42046792E-01	3.13623643E-01	1.66433159E-02	
1.02000000E+09	3.03596799E-01	2.04295492E-01	6.67513465E-02	8.71369980E-01	3.34955553E-01	1.71028335E-02	
1.02500000E+09	3.00754718E-01	2.04938169E-01	6.79230935E-02	8.98325126E-01	3.57998115E-01	1.75724832E-02	
1.03000000E+09	2.98066745E-01	2.05562718E-01	6.91062768E-02	9.22504242E-01	3.82888647E-01	1.80523999E-02	
1.03500000E+09	2.95522567E-01	2.06168323E-01	7.03008311E-02	9.43582193E-01	4.09763832E-01	1.85426662E-02	
1.04000000E+09	2.93113808E-01	2.06754598E-01	7.15067944E-02	9.61332045E-01	4.38753578E-01	1.90434431E-02	
1.04500000E+09	2.90831932E-01	2.07320423E-01	7.27240563E-02	9.75642036E-01	4.69972253E-01	1.95548277E-02	
1.05000000E+09	2.88669540E-01	2.07865372E-01	7.39526023E-02	9.86512779E-01	5.03503755E-01	2.00769324E-02	
1.05500000E+09	2.86619136E-01	2.08388477E-01	7.51924027E-02	9.94052337E-01	5.39383895E-01	2.06098915E-02	
1.06000000E+09	2.84674690E-01	2.08889272E-01	7.64433904E-02	9.98457011E-01	5.77574779E-01	2.11538079E-02	
1.06500000E+09	2.82829663E-01	2.09366747E-01	7.77055719E-02	9.99992081E-01	6.17934367E-01	2.17087897E-02	
1.07000000E+09	2.81078564E-01	2.09820368E-01	7.89788278E-02	9.98967905E-01	6.60179272E-01	2.22749935E-02	
1.07500000E+09	2.79416040E-01	2.10249277E-01	8.02631565E-02	9.95717970E-01	7.03846101E-01	2.28525011E-02	
1.08000000E+09	2.77836680E-01	2.10652521E-01	8.15584009E-02	9.90579401E-01	7.48257524E-01	2.34414168E-02	
1.08500000E+09	2.76337076E-01	2.11029773E-01	8.28646545E-02	9.83878753E-01	7.92500584E-01	2.40418745E-02	
1.09000000E+09	2.74911501E-01	2.11379632E-01	8.41816711E-02	9.75919644E-01	8.35439640E-01	2.46539668E-02	
1.09500000E+09	2.73556488E-01	2.11701699E-01	8.55094549E-02	9.66977496E-01	8.75765789E-01	2.52778087E-02	
1.10000000E+09	2.72268294E-01	2.11995076E-01	8.68479362E-02	9.57295337E-01	9.12104223E-01	2.59135208E-02	
1.10500000E+09	2.71043011E-01	2.12259040E-01	8.81970151E-02	9.47083256E-01	9.43160898E-01	2.65611991E-02	
1.11000000E+09	2.69877925E-01	2.12492927E-01	8.95566432E-02	9.36519796E-01	9.67890625E-01	2.72209469E-02	
1.11500000E+09	2.68768940E-01	2.12695500E-01	9.09266171E-02	9.25752810E-01	9.85642721E-01	2.78928732E-02	
1.12000000E+09	2.67713851E-01	2.12866201E-01	9.23069170E-02	9.14904707E-01	9.96240578E-01	2.85770680E-02	
1.12500000E+09	2.66709585E-01	2.13004220E-01	9.36973611E-02	9.04073659E-01	9.99978937E-01	2.92736566E-02	
1.13000000E+09	2.65753261E-01	2.13108804E-01	9.50978997E-02	8.93337063E-01	9.97540449E-01	2.99827193E-02	
1.13500000E+09	2.64842435E-01	2.13178888E-01	9.65083061E-02	8.82756019E-01	9.89863566E-01	3.07043589E-02	
1.14000000E+09	2.63975053E-01	2.13213853E-01	9.79285300E-02	8.72376269E-01	9.78000664E-01	3.14386609E-02	
1.14500000E+09	2.63148670E-01	2.13213019E-01	9.93583666E-02	8.62232252E-01	9.62997086E-01	3.21857238E-02	
1.15000000E+09	2.62361127E-01	2.13175386E-01	1.00797640E-01	8.52347419E-01	9.45805592E-01	3.29456311E-02	
1.15500000E+09	2.61610654E-01	2.13100173E-01	1.02246160E-01	8.42738350E-01	9.27241992E-01	3.37185013E-02	
1.16000000E+09	2.60895045E-01	2.12986736E-01	1.03703750E-01	8.33413556E-01	9.07968110E-01	3.45043857E-02	
1.16500000E+09	2.60212621E-01	2.12834091E-01	1.05170154E-01	8.24377603E-01	8.88498814E-01	3.53033987E-02	
1.17000000E+09	2.59562017E-01	2.12641895E-01	1.06645181E-01	8.15630645E-01	8.69218715E-01	3.61156062E-02	
1.17500000E+09	2.58941112E-01	2.12409213E-01	1.08128553E-01	8.07168409E-01	8.50402578E-01	3.69410886E-02	
1.18000000E+09	2.58348797E-01	2.12135373E-01	1.09619945E-01	7.98985576E-01	8.32239329E-01	3.77799334E-02	
1.18500000E+09	2.57783502E-01	2.11819769E-01	1.11119074E-01	7.91073126E-01	8.14849390E-01	3.86321984E-02	
1.19000000E+09	2.57243760E-01	2.11461915E-01	1.12625587E-01	7.83421276E-01	7.98305059E-01	3.94979818E-02	
1.19500000E+09	2.56728612E-01	2.11061100E-01	1.14139052E-01	7.76014681E-01	7.82643882E-01	4.03773406E-02	
1.20000000E+09	2.56236365E-01	2.10617233E-01	1.15659113E-01	7.68962603E-01	7.67751611E-01	4.12703578E-02	
