CharacteristicMode
"Frequency"[Hz]	"Mode index = 1  []"	"Mode index = 2  []"	"Mode index = 3  []"	"Mode index = 4  []"	"Mode index = 5  []"	"Mode index = 6  []"	"Mode index = 7  []"	"Mode index = 8  []"	"Mode index = 9  []"	"Mode index = 10  []"	
7.00000000E+08	2.65139607E-02	6.41315192E-06	6.62671404E-08	4.01040663E-03	9.29811583E-06	6.56255716E-04	4.53624827E-04	2.16111194E-05	6.06607321E-08	1.21659603E-08	
7.05000000E+08	2.87877002E-02	6.62316061E-06	6.45277206E-08	4.51724446E-03	3.66059662E-06	4.86297418E-04	4.61567908E-04	2.50866594E-05	6.17286418E-08	2.61770119E-08	
7.10000000E+08	3.12937956E-02	6.75377571E-06	5.73718493E-08	5.07199865E-03	2.25767556E-06	3.55259917E-04	4.53637933E-04	2.90554533E-05	6.32758771E-08	5.08055143E-08	
7.15000000E+08	3.40628153E-02	6.89795847E-06	4.01057240E-08	5.67082526E-03	1.53457558E-06	2.56921077E-04	4.28876159E-04	3.35439549E-05	3.53776392E-08	1.08116692E-07	
7.20000000E+08	3.71306457E-02	7.10686337E-06	4.52762788E-08	6.30967883E-03	1.18311928E-06	1.84479152E-04	3.88349787E-04	3.85502397E-05	NaN	5.94266676E-07	
7.25000000E+08	4.05390371E-02	7.28696855E-06	4.18576237E-08	6.98495118E-03	9.21317489E-07	1.31740379E-04	3.34430283E-04	4.41054295E-05	NaN	2.98888624E-07	
7.30000000E+08	4.43369430E-02	7.48247575E-06	3.20439880E-08	7.69380567E-03	6.83169814E-07	9.35016561E-05	2.70116733E-04	5.01454959E-05	NaN	1.67141951E-07	
7.35000000E+08	4.85813413E-02	7.63282817E-06	3.23695414E-08	8.43417457E-03	5.64526947E-07	6.57754109E-05	1.98243164E-04	5.66237637E-05	NaN	1.21862240E-07	
7.40000000E+08	5.33391333E-02	7.83222260E-06	3.12645169E-08	9.20488367E-03	4.35708372E-07	4.56372052E-05	1.21085685E-04	6.34793987E-05	NaN	1.08088343E-07	
7.45000000E+08	5.86874193E-02	8.02086305E-06	2.33397824E-08	1.00051349E-02	3.37509465E-07	3.09546883E-05	4.04007785E-05	7.06544414E-05	NaN	9.75340729E-08	
7.50000000E+08	6.47152169E-02	8.17430193E-06	1.86045508E-08	1.08346465E-02	2.47449916E-07	2.02223866E-05	4.26272941E-05	7.80690739E-05	NaN	9.35864115E-08	
7.55000000E+08	7.15225235E-02	8.40681094E-06	2.43976532E-08	1.16934359E-02	1.61063501E-07	1.23775302E-05	1.27227543E-04	8.56536129E-05	NaN	8.60444185E-08	
7.60000000E+08	7.92185162E-02	8.60677288E-06	1.54898778E-08	1.25817267E-02	7.11946618E-08	6.65340263E-06	2.12953830E-04	9.33196709E-05	NaN	8.84796511E-08	
7.65000000E+08	8.79141821E-02	8.78525814E-06	1.25908526E-08	1.34999268E-02	8.26034181E-09	2.51278186E-06	2.99600434E-04	1.01029125E-04	NaN	9.15616062E-08	
7.70000000E+08	9.77099500E-02	9.01609050E-06	1.18895394E-08	1.44485364E-02	6.47456716E-08	4.31004731E-07	3.87132330E-04	1.08740012E-04	NaN	9.03564599E-08	
7.75000000E+08	1.08667531E-01	9.23554631E-06	9.17670835E-09	1.54282818E-02	1.38702912E-07	2.46822956E-06	4.75563303E-04	1.16355368E-04	NaN	9.34867795E-08	
7.80000000E+08	1.20766729E-01	9.49881981E-06	7.89891560E-09	1.64398583E-02	2.17245758E-07	3.79897428E-06	5.65034513E-04	1.23848593E-04	NaN	9.79164218E-08	
7.85000000E+08	1.33833520E-01	9.70986367E-06	3.21110551E-09	1.74840703E-02	2.89222413E-07	4.57875233E-06	6.55709147E-04	1.31195732E-04	NaN	9.95186786E-08	
7.90000000E+08	1.47452025E-01	9.93621773E-06	5.58190461E-09	1.85618899E-02	3.66636254E-07	4.92209439E-06	7.47761745E-04	1.38330906E-04	NaN	1.03897193E-07	
7.95000000E+08	1.60882357E-01	1.01784873E-05	2.27541977E-09	1.96742374E-02	4.50111447E-07	4.91470557E-06	8.41390814E-04	1.45194827E-04	NaN	1.07843314E-07	
8.00000000E+08	1.73056613E-01	1.04150885E-05	2.78886897E-09	2.08221344E-02	5.29033701E-07	4.62003992E-06	9.36805646E-04	1.51735643E-04	NaN	1.13297057E-07	
8.05000000E+08	1.82745902E-01	1.06852546E-05	1.24686076E-09	2.20067274E-02	6.08955535E-07	4.08934377E-06	1.03420614E-03	1.57870119E-04	NaN	1.17730408E-07	
8.10000000E+08	1.88911374E-01	1.09078404E-05	4.41164328E-09	2.32291860E-02	6.92646745E-07	3.36088082E-06	1.13380902E-03	1.63556019E-04	NaN	1.21795073E-07	
8.15000000E+08	1.91088617E-01	1.11740386E-05	7.29776413E-09	2.44907579E-02	7.95523106E-07	2.46103218E-06	1.23582605E-03	1.68730323E-04	NaN	1.28900591E-07	
8.20000000E+08	1.89542773E-01	1.14652600E-05	9.01109888E-09	2.57927811E-02	9.02011639E-07	1.41525045E-06	1.34045994E-03	1.73307365E-04	NaN	1.35145693E-07	
8.25000000E+08	1.85088586E-01	1.17317085E-05	9.70585773E-09	2.71365893E-02	9.97113537E-07	2.41392537E-07	1.44790724E-03	1.77205513E-04	NaN	1.41580073E-07	
8.30000000E+08	1.78737272E-01	1.20180695E-05	1.46787561E-08	2.85237080E-02	1.11598866E-06	1.04869697E-06	1.55837733E-03	1.80400338E-04	NaN	1.50327728E-07	
8.35000000E+08	1.71401405E-01	1.23361199E-05	1.27365411E-08	2.99557495E-02	1.22420042E-06	2.44303104E-06	1.67207374E-03	1.82833082E-04	NaN	1.56759345E-07	
8.40000000E+08	1.63760540E-01	1.26417498E-05	1.59454367E-08	3.14342793E-02	1.35906068E-06	3.93360130E-06	1.78920147E-03	1.84506709E-04	NaN	1.64517623E-07	
8.45000000E+08	1.56254247E-01	1.29420325E-05	1.98641556E-08	3.29611786E-02	1.49413989E-06	5.51444084E-06	1.90996617E-03	1.85422742E-04	NaN	1.74875341E-07	
8.50000000E+08	1.49131974E-01	1.32696217E-05	2.21042843E-08	3.45382657E-02	1.63706926E-06	7.18003703E-06	2.03455589E-03	1.85613162E-04	NaN	1.84195210E-07	
8.55000000E+08	1.42512945E-01	1.36012997E-05	2.62164081E-08	3.61674952E-02	1.80505456E-06	8.92483626E-06	2.16319367E-03	1.85143309E-04	NaN	1.92387011E-07	
8.60000000E+08	1.36437195E-01	1.39640433E-05	2.77208794E-08	3.78510439E-02	1.95949211E-06	1.07496018E-05	2.29607510E-03	1.84105464E-04	NaN	2.05239491E-07	
8.65000000E+08	1.30897452E-01	1.43119689E-05	3.04822449E-08	3.95912386E-02	2.15186051E-06	1.26496168E-05	2.43341293E-03	1.82603111E-04	NaN	2.18105148E-07	
8.70000000E+08	1.25863222E-01	1.46854600E-05	3.28589246E-08	4.13903702E-02	2.34307047E-06	1.46253409E-05	2.57542613E-03	1.80721946E-04	NaN	2.30918147E-07	
8.75000000E+08	1.21292924E-01	1.50906986E-05	3.48617637E-08	4.32510053E-02	2.56426880E-06	1.66750943E-05	2.72232779E-03	1.78576231E-04	NaN	2.42772947E-07	
8.80000000E+08	1.17141812E-01	1.54367876E-05	4.06062560E-08	4.51758276E-02	2.78442365E-06	1.87983539E-05	2.87434721E-03	1.76274984E-04	NaN	2.57707613E-07	
8.85000000E+08	1.13365687E-01	1.58502133E-05	4.38185025E-08	4.71676974E-02	3.02885006E-06	2.09956971E-05	3.03170306E-03	1.73904937E-04	NaN	2.72134722E-07	
8.90000000E+08	1.09923937E-01	1.62666432E-05	4.55860734E-08	4.92293876E-02	3.29840318E-06	2.32663494E-05	3.19463114E-03	1.71518347E-04	NaN	2.85915941E-07	
8.95000000E+08	1.06778745E-01	1.67053693E-05	4.83387638E-08	5.13640722E-02	3.57904549E-06	2.56120525E-05	3.36337473E-03	1.69200531E-04	NaN	3.03997896E-07	
9.00000000E+08	1.03897056E-01	1.71284981E-05	5.33271874E-08	5.35747739E-02	3.89377619E-06	2.80328444E-05	3.53818278E-03	1.66977460E-04	NaN	3.20749487E-07	
9.05000000E+08	1.01249119E-01	1.76064590E-05	5.76983149E-08	5.58646219E-02	4.22777032E-06	3.05293580E-05	3.71930940E-03	1.64891212E-04	NaN	3.40235412E-07	
9.10000000E+08	9.88090113E-02	1.80813823E-05	5.91631414E-08	5.82367475E-02	4.59404802E-06	3.31029566E-05	3.90700922E-03	1.62982470E-04	NaN	3.60350291E-07	
9.15000000E+08	9.65540541E-02	1.85638553E-05	6.63472846E-08	6.06940739E-02	4.99611655E-06	3.57557845E-05	4.10157006E-03	1.61247569E-04	NaN	3.84239679E-07	
9.20000000E+08	9.44642122E-02	1.90685273E-05	6.90385560E-08	6.32392927E-02	5.43295378E-06	3.84883117E-05	4.30326522E-03	1.59705540E-04	NaN	4.08036183E-07	
9.25000000E+08	9.25220453E-02	1.95926408E-05	7.46567876E-08	6.58748082E-02	5.89181045E-06	4.13013393E-05	4.51238608E-03	1.58368057E-04	NaN	4.34773518E-07	
9.30000000E+08	9.07124376E-02	2.01313120E-05	7.82569464E-08	6.86024445E-02	6.40865898E-06	4.41976872E-05	4.72923829E-03	1.57228808E-04	NaN	4.57329734E-07	
9.35000000E+08	8.90217780E-02	2.06871648E-05	8.22928868E-08	7.14231611E-02	6.96623560E-06	4.71778786E-05	4.95413951E-03	1.56291717E-04	NaN	4.85734825E-07	
9.40000000E+08	8.74385327E-02	2.12411641E-05	8.96819813E-08	7.43369230E-02	7.58303353E-06	5.02444804E-05	5.18742003E-03	1.55560204E-04	NaN	5.16709980E-07	
9.45000000E+08	8.59523642E-02	2.18616210E-05	9.42180730E-08	7.73421512E-02	8.24505166E-06	5.33993160E-05	5.42941707E-03	1.55021339E-04	NaN	5.52937741E-07	
9.50000000E+08	8.45542890E-02	2.24783960E-05	9.91414253E-08	8.04355057E-02	8.97970612E-06	5.66424037E-05	5.68049468E-03	1.54680945E-04	NaN	5.86556946E-07	
9.55000000E+08	8.32361505E-02	2.30738020E-05	1.03983487E-07	8.36112794E-02	9.76665263E-06	5.99785538E-05	5.94101577E-03	1.54524024E-04	NaN	6.25530904E-07	
9.60000000E+08	8.19910372E-02	2.37461969E-05	1.11334063E-07	8.68608341E-02	1.06514508E-05	6.34074351E-05	6.21137717E-03	1.54555117E-04	NaN	6.64828632E-07	
9.65000000E+08	8.08126070E-02	2.44316921E-05	1.16497178E-07	9.01720012E-02	1.16211319E-05	6.69317420E-05	6.49198669E-03	1.54767404E-04	NaN	7.11728845E-07	
9.70000000E+08	7.96955489E-02	2.51381858E-05	1.22304940E-07	9.35282646E-02	1.26662890E-05	7.05535917E-05	6.78326292E-03	1.55164249E-04	NaN	7.61612009E-07	
9.75000000E+08	7.86346545E-02	2.58485199E-05	1.30866627E-07	9.69084614E-02	1.38415177E-05	7.42757556E-05	7.08565859E-03	1.55728378E-04	NaN	8.06601183E-07	
9.80000000E+08	7.76257349E-02	2.65992669E-05	1.36192133E-07	1.00285714E-01	1.51225775E-05	7.80995041E-05	7.39965026E-03	1.56473719E-04	NaN	8.65304648E-07	
9.85000000E+08	7.66649284E-02	2.73632118E-05	1.43254223E-07	1.03627286E-01	1.65394526E-05	8.20270738E-05	7.72570757E-03	1.57383295E-04	NaN	9.27384878E-07	
9.90000000E+08	7.57485739E-02	2.81724817E-05	1.50131804E-07	1.06894332E-01	1.81166769E-05	8.60619126E-05	8.06436594E-03	1.58459869E-04	NaN	9.94831247E-07	
9.95000000E+08	7.48736760E-02	2.89930519E-05	1.58963431E-07	1.10042087E-01	1.98524818E-05	9.02046953E-05	8.41615730E-03	1.59709914E-04	NaN	1.07317630E-06	
1.00000000E+09	7.40373153E-02	2.98187041E-05	1.69651212E-07	1.13020608E-01	2.17737473E-05	9.44579563E-05	8.78165396E-03	1.61126434E-04	NaN	1.14934569E-06	
1.00500000E+09	7.32370451E-02	3.07022780E-05	1.79251088E-07	1.15776380E-01	2.39046881E-05	9.88260970E-05	9.16146390E-03	1.62708420E-04	NaN	1.24147094E-06	
1.01000000E+09	7.24705219E-02	3.15939770E-05	1.85472313E-07	1.18254159E-01	2.63252427E-05	1.03309965E-04	9.55621675E-03	1.64459007E-04	NaN	1.34234538E-06	
1.01500000E+09	7.17356679E-02	3.25268715E-05	1.96437807E-07	1.20399880E-01	2.89713498E-05	1.07912838E-04	9.96656820E-03	1.66376739E-04	NaN	1.45108564E-06	
1.02000000E+09	7.10305790E-02	3.34678412E-05	2.07063218E-07	1.22164161E-01	3.19322608E-05	1.12636761E-04	1.03932391E-02	1.68462185E-04	NaN	1.57741376E-06	
1.02500000E+09	7.03535805E-02	3.44566423E-05	2.17554776E-07	1.23505449E-01	3.52511719E-05	1.17484159E-04	1.08369560E-02	1.70720039E-04	NaN	1.71909381E-06	
1.03000000E+09	6.97031141E-02	3.54551469E-05	2.27982159E-07	1.24393413E-01	3.89572908E-05	1.22460159E-04	1.12985170E-02	1.73150245E-04	NaN	1.86958930E-06	
1.03500000E+09	6.90776464E-02	3.64621698E-05	2.40055909E-07	1.24811223E-01	4.31042802E-05	1.27564155E-04	1.17787535E-02	1.75758411E-04	NaN	2.06624159E-06	
1.04000000E+09	6.84759449E-02	3.75132223E-05	2.51166607E-07	1.24757212E-01	4.77760659E-05	1.32801479E-04	1.22785231E-02	1.78546641E-04	NaN	2.28111003E-06	
1.04500000E+09	6.78967254E-02	3.86069026E-05	2.67036492E-07	1.24244765E-01	5.29896542E-05	1.38174532E-04	1.27987821E-02	1.81516185E-04	NaN	2.52949498E-06	
1.05000000E+09	6.73389070E-02	3.97166335E-05	2.80050162E-07	1.23301118E-01	5.88482824E-05	1.43686206E-04	1.33404836E-02	1.84676245E-04	NaN	2.83695377E-06	
1.05500000E+09	6.68013844E-02	4.08283464E-05	2.96222947E-07	1.21964765E-01	6.53856172E-05	1.49339398E-04	1.39046687E-02	1.88026376E-04	NaN	3.21960362E-06	
1.06000000E+09	6.62832730E-02	4.19678919E-05	3.12205592E-07	1.20282938E-01	7.27113979E-05	1.55136994E-04	1.44924397E-02	1.91581694E-04	NaN	3.69303617E-06	
1.06500000E+09	6.57835864E-02	4.31781875E-05	3.27170588E-07	1.18307483E-01	8.08767445E-05	1.61083170E-04	1.51049454E-02	1.95337973E-04	NaN	4.27004578E-06	
1.07000000E+09	6.53015184E-02	4.43681552E-05	3.42327957E-07	1.16092299E-01	8.99366418E-05	1.67180958E-04	1.57434036E-02	1.99303573E-04	NaN	5.07730275E-06	
1.07500000E+09	6.48362714E-02	4.55695703E-05	3.62414717E-07	1.13690120E-01	9.99185083E-05	1.73433823E-04	1.64090953E-02	2.03494924E-04	NaN	6.20311788E-06	
1.08000000E+09	6.43870084E-02	4.68021856E-05	3.81263381E-07	1.11150323E-01	1.10870642E-04	1.79845747E-04	1.71033933E-02	2.07908726E-04	NaN	7.95670262E-06	
1.08500000E+09	6.39532580E-02	4.80319914E-05	3.99617736E-07	1.08518392E-01	1.22722781E-04	1.86419984E-04	1.78276907E-02	2.12557672E-04	NaN	1.09768995E-05	
1.09000000E+09	6.35340998E-02	4.92628641E-05	4.21035459E-07	1.05833378E-01	1.35503957E-04	1.93159253E-04	1.85834914E-02	2.17452594E-04	NaN	1.75157217E-05	
1.09500000E+09	6.31290167E-02	5.05112462E-05	4.47014612E-07	1.03129175E-01	1.49007206E-04	2.00069217E-04	1.93723311E-02	2.22602431E-04	NaN	4.28559134E-05	
1.10000000E+09	6.27374221E-02	5.17770013E-05	4.66343063E-07	1.00433918E-01	1.63179968E-04	2.07152583E-04	2.01958169E-02	2.28014326E-04	NaN	9.70378799E-05	
1.10500000E+09	6.23586994E-02	5.30094739E-05	4.94666049E-07	9.77702673E-02	1.77833438E-04	2.14414642E-04	2.10555866E-02	2.33703979E-04	NaN	2.27974282E-05	
1.11000000E+09	6.19924120E-02	5.42744401E-05	5.22644024E-07	9.51564082E-02	1.92802354E-04	2.21858831E-04	2.19533652E-02	2.39681131E-04	NaN	1.28274504E-05	
1.11500000E+09	6.16378878E-02	5.54843039E-05	5.51730996E-07	9.26057344E-02	2.08113332E-04	2.29488705E-04	2.28908118E-02	2.45960577E-04	NaN	8.91559166E-06	
1.12000000E+09	6.12947626E-02	5.67073334E-05	5.80831968E-07	9.01288142E-02	2.23691130E-04	2.37310265E-04	2.38696487E-02	2.52555831E-04	NaN	6.78412942E-06	
1.12500000E+09	6.09625117E-02	5.79288312E-05	6.13825370E-07	8.77326972E-02	2.39635129E-04	2.45327700E-04	2.48915126E-02	2.59480472E-04	NaN	5.44131598E-06	
1.13000000E+09	6.06406673E-02	5.90621876E-05	6.45875713E-07	8.54219002E-02	2.56306586E-04	2.53545336E-04	2.59578767E-02	2.66751675E-04	NaN	4.48234535E-06	
1.13500000E+09	6.03287674E-02	6.02055548E-05	6.82995714E-07	8.31994258E-02	2.74132931E-04	2.61967291E-04	2.70702046E-02	2.74380838E-04	NaN	3.79797029E-06	
1.14000000E+09	6.00264653E-02	6.12923280E-05	7.22574161E-07	8.10663503E-02	2.93638280E-04	2.70601796E-04	2.82295473E-02	2.82394694E-04	NaN	3.27349493E-06	
1.14500000E+09	5.97333234E-02	6.23360780E-05	7.64900415E-07	7.90226260E-02	3.15722763E-04	2.79449463E-04	2.94366705E-02	2.90804496E-04	NaN	2.83588572E-06	
1.15000000E+09	5.94489245E-02	6.33402096E-05	8.06712574E-07	7.70671663E-02	3.41390747E-04	2.88520015E-04	3.06918133E-02	2.99636077E-04	NaN	2.46767493E-06	
1.15500000E+09	5.91729275E-02	6.42301741E-05	8.53509552E-07	7.51983872E-02	3.72193125E-04	2.97815740E-04	3.19945455E-02	3.08905339E-04	NaN	2.15943034E-06	
1.16000000E+09	5.89049363E-02	6.50720393E-05	9.06272945E-07	7.34137646E-02	4.10584414E-04	3.07344436E-04	3.33433959E-02	3.18641812E-04	NaN	1.89354670E-06	
1.16500000E+09	5.86445827E-02	6.58867783E-05	9.60311966E-07	7.17107990E-02	4.60183547E-04	3.17111378E-04	3.47358981E-02	3.28863792E-04	NaN	1.63727825E-06	
1.17000000E+09	5.83916021E-02	6.65729338E-05	1.01784896E-06	7.00865470E-02	5.26782954E-04	3.27123228E-04	3.61678090E-02	3.39599462E-04	NaN	1.41925751E-06	
1.17500000E+09	5.81455754E-02	6.71969214E-05	1.07920504E-06	6.85375818E-02	6.20744222E-04	3.37384915E-04	3.76330032E-02	3.50880324E-04	NaN	1.21716267E-06	
1.18000000E+09	5.79062374E-02	6.77266805E-05	1.14724237E-06	6.70606213E-02	7.64454311E-04	3.47905440E-04	3.91230044E-02	3.62730339E-04	NaN	1.03520523E-06	
1.18500000E+09	5.76732646E-02	6.81514916E-05	1.21897068E-06	6.56511968E-02	1.00960849E-03	3.58688312E-04	4.06263011E-02	3.75182569E-04	NaN	8.44881318E-07	
1.19000000E+09	5.74463340E-02	6.84953492E-05	1.29502102E-06	6.43015651E-02	1.51929820E-03	3.69744153E-04	4.21279152E-02	3.88272480E-04	NaN	6.79677583E-07	
1.19500000E+09	5.72252036E-02	6.87079088E-05	1.38121547E-06	6.29650503E-02	3.20969850E-03	3.81077805E-04	4.36090826E-02	4.02031874E-04	NaN	5.06567900E-07	
1.20000000E+09	5.70095253E-02	6.88233702E-05	1.47050516E-06	5.95710332E-02	1.71130848E-02	3.92699167E-04	4.50463615E-02	4.16503159E-04	NaN	3.37806873E-07	
